0.000 -135.000 225.000 -135.000
-0.234 -134.766 225.234 -134.766
-0.683 -134.317 225.683 -134.317
-1.328 -133.672 226.328 -133.672
-2.151 -132.849 227.151 -132.849
-3.138 -131.862 228.138 -131.862
-4.275 -130.725 229.275 -130.725
-5.548 -129.452 230.548 -129.452
-6.946 -128.054 231.946 -128.054
-8.458 -126.542 233.458 -126.542
-10.075 -124.925 235.075 -124.925
-11.786 -123.214 236.786 -123.214
-13.582 -121.418 238.582 -121.418
-15.450 -119.550 240.450 -119.550
-17.383 -117.617 242.383 -117.617
-19.369 -115.631 244.369 -115.631
-21.401 -113.599 246.401 -113.599
-23.472 -111.528 248.472 -111.528
-25.574 -109.426 250.574 -109.426
-27.699 -107.301 252.699 -107.301
-29.844 -105.156 254.844 -105.156
-32.001 -102.999 257.001 -102.999
-34.165 -100.835 259.165 -100.835
-36.333 -98.667 261.333 -98.667
-38.499 -96.501 263.499 -96.501
-40.659 -94.341 265.659 -94.341
-42.811 -92.189 267.811 -92.189
-44.950 -90.050 269.950 -90.050
-47.074 -87.926 272.074 -87.926
-49.181 -85.820 274.180 -85.820
-51.267 -83.734 276.266 -83.734
-53.330 -81.672 278.328 -81.672
-55.370 -79.635 280.365 -79.635
-57.383 -77.625 282.375 -77.625
-59.368 -75.644 284.356 -75.644
-61.325 -73.692 286.308 -73.692
-63.251 -71.772 288.228 -71.772
-65.146 -69.885 290.115 -69.885
-67.009 -68.030 291.970 -68.030
-68.840 -66.210 293.790 -66.210
-70.637 -64.424 295.576 -64.424
-72.400 -62.674 297.326 -62.674
-74.130 -60.959 299.041 -60.959
-75.824 -59.280 300.720 -59.280
-77.484 -57.637 302.363 -57.637
-79.110 -56.030 303.970 -56.030
-80.700 -54.459 305.541 -54.459
-82.256 -52.924 307.076 -52.924
-83.778 -51.425 308.575 -51.425
-85.264 -49.962 310.038 -49.962
-86.717 -48.534 311.466 -48.534
-88.136 -47.141 312.859 -47.141
-89.521 -45.782 314.218 -45.782
-90.872 -44.458 315.542 -44.458
-92.191 -43.167 316.833 -43.167
-93.477 -41.910 318.090 -41.910
-94.731 -40.685 319.315 -40.685
-95.954 -39.493 320.507 -39.493
-97.145 -38.333 321.667 -38.333
-98.306 -37.203 322.797 -37.203
-99.437 -36.105 323.895 -36.105
-100.538 -35.036 324.964 -35.036
-101.610 -33.996 326.004 -33.996
-102.654 -32.986 327.014 -32.986
-103.670 -32.003 327.997 -32.003
-104.658 -31.048 328.952 -31.048
-105.619 -30.120 329.880 -30.120
-106.555 -29.219 330.781 -29.219
-107.464 -28.343 331.657 -28.343
-108.349 -27.492 332.508 -27.492
-109.209 -26.665 333.335 -26.665
-110.045 -25.863 334.137 -25.863
-110.857 -25.084 334.916 -25.084
-111.647 -24.327 335.673 -24.327
-112.414 -23.593 336.407 -23.593
-113.160 -22.880 337.120 -22.880
-113.884 -22.188 337.812 -22.188
-114.588 -21.517 338.483 -21.517
-115.271 -20.866 339.134 -20.866
-115.935 -20.234 339.766 -20.234
-116.580 -19.620 340.380 -19.620
-117.206 -19.025 340.975 -19.025
-117.813 -18.448 341.552 -18.448
-118.404 -17.888 342.112 -17.888
-118.976 -17.345 342.655 -17.345
-119.532 -16.819 343.181 -16.819
-120.072 -16.308 343.692 -16.308
-120.596 -15.812 344.188 -15.812
-121.105 -15.332 344.668 -15.332
-121.598 -14.866 345.134 -14.866
-122.077 -14.415 345.585 -14.415
-122.542 -13.977 346.023 -13.977
-122.993 -13.552 346.448 -13.552
-123.431 -13.140 346.860 -13.140
-123.855 -12.741 347.259 -12.741
-124.267 -12.354 347.646 -12.354
-124.667 -11.979 348.021 -11.979
-125.054 -11.615 348.385 -11.615
-125.431 -11.262 348.738 -11.262
-125.796 -10.921 349.079 -10.921
-126.150 -10.589 349.411 -10.589
-126.493 -10.268 349.732 -10.268
-126.826 -9.957 350.043 -9.957
-127.149 -9.655 350.345 -9.655
-127.463 -9.362 350.638 -9.362
-127.767 -9.079 350.921 -9.079
-128.062 -8.804 351.196 -8.804
-128.348 -8.537 351.463 -8.537
-128.625 -8.279 351.721 -8.279
-128.894 -8.028 351.972 -8.028
-129.155 -7.786 352.214 -7.786
-129.408 -7.550 352.450 -7.550
-129.654 -7.322 352.678 -7.322
-129.892 -7.101 352.899 -7.101
-130.123 -6.887 353.113 -6.887
-130.347 -6.680 353.320 -6.680
-130.564 -6.478 353.522 -6.478
-130.775 -6.283 353.717 -6.283
-130.979 -6.094 353.906 -6.094
-131.178 -5.911 354.089 -5.911
-131.370 -5.733 354.267 -5.733
-131.556 -5.561 354.439 -5.561
-131.737 -5.394 354.606 -5.394
-131.912 -5.232 354.768 -5.232
-132.083 -5.075 354.925 -5.075
-132.248 -4.923 355.077 -4.923
-132.408 -4.775 355.225 -4.775
-132.563 -4.632 355.368 -4.632
-132.713 -4.494 355.506 -4.494
-132.859 -4.360 355.640 -4.360
-133.001 -4.229 355.771 -4.229
-133.138 -4.103 355.897 -4.103
-133.272 -3.981 356.019 -3.981
-133.401 -3.862 356.138 -3.862
-133.526 -3.747 356.253 -3.747
-133.648 -3.635 356.365 -3.635
-133.766 -3.527 356.473 -3.527
-133.880 -3.422 356.578 -3.422
-133.991 -3.321 356.679 -3.321
-134.099 -3.222 356.778 -3.222
-134.204 -3.127 356.873 -3.127
-134.305 -3.034 356.966 -3.034
-134.403 -2.944 357.056 -2.944
-134.499 -2.857 357.143 -2.857
-134.591 -2.773 357.227 -2.773
-134.681 -2.691 357.309 -2.691
-134.768 -2.611 357.389 -2.611
-134.852 -2.534 357.466 -2.534
-134.934 -2.459 357.541 -2.459
-135.014 -2.387 357.613 -2.387
-135.091 -2.317 357.683 -2.317
-135.166 -2.249 357.751 -2.249
-135.239 -2.183 357.817 -2.183
-135.309 -2.119 357.881 -2.119
-135.378 -2.056 357.944 -2.056
-135.444 -1.996 358.004 -1.996
-135.508 -1.938 358.062 -1.938
-135.571 -1.881 358.119 -1.881
-135.632 -1.826 358.174 -1.826
-135.690 -1.773 358.227 -1.773
-135.747 -1.721 358.279 -1.721
-135.803 -1.671 358.329 -1.671
-135.857 -1.622 358.378 -1.622
-135.909 -1.575 358.425 -1.575
-135.960 -1.529 358.471 -1.529
-136.009 -1.484 358.516 -1.484
-136.056 -1.441 358.559 -1.441
-136.103 -1.400 358.600 -1.400
-136.148 -1.359 358.641 -1.359
-136.191 -1.320 358.680 -1.320
-136.234 -1.281 358.719 -1.281
-136.275 -1.244 358.756 -1.244
-136.315 -1.208 358.792 -1.208
-136.354 -1.173 358.827 -1.173
-136.391 -1.140 358.860 -1.140
-136.428 -1.107 358.893 -1.107
-136.463 -1.075 358.925 -1.075
-136.498 -1.044 358.956 -1.044
-136.531 -1.014 358.986 -1.014
-136.563 -0.985 359.015 -0.985
-136.595 -0.957 359.043 -0.957
-136.625 -0.929 359.071 -0.929
-136.655 -0.903 359.097 -0.903
-136.684 -0.877 359.123 -0.877
-136.712 -0.852 359.148 -0.852
-136.739 -0.827 359.173 -0.827
-136.766 -0.804 359.196 -0.804
-136.791 -0.781 359.219 -0.781
-136.816 -0.759 359.241 -0.759
-136.840 -0.737 359.263 -0.737
-136.864 -0.716 359.284 -0.716
-136.887 -0.696 359.304 -0.696
-136.909 -0.676 359.324 -0.676
-136.930 -0.657 359.343 -0.657
-136.951 -0.638 359.362 -0.638
-136.971 -0.620 359.380 -0.620
-136.991 -0.603 359.397 -0.603
-137.010 -0.585 359.415 -0.585
-137.029 -0.569 359.431 -0.569
-137.047 -0.553 359.447 -0.553
-137.064 -0.537 359.463 -0.537
-137.081 -0.522 359.478 -0.522
-137.098 -0.508 359.492 -0.508
-137.114 -0.493 359.507 -0.493
-137.130 -0.479 359.521 -0.479
-137.145 -0.466 359.534 -0.466
-137.160 -0.453 359.547 -0.453
-137.174 -0.440 359.560 -0.440
-137.188 -0.428 359.572 -0.428
-137.201 -0.416 359.584 -0.416
-137.214 -0.404 359.596 -0.404
-137.227 -0.393 359.607 -0.393
-137.240 -0.382 359.618 -0.382
-137.252 -0.372 359.628 -0.372
-137.263 -0.361 359.639 -0.361
-137.275 -0.351 359.649 -0.351
-137.286 -0.341 359.659 -0.341
-137.297 -0.332 359.668 -0.332
-137.307 -0.323 359.677 -0.323
-137.317 -0.314 359.686 -0.314
-137.327 -0.305 359.695 -0.305
-137.337 -0.297 359.703 -0.297
-137.346 -0.289 359.711 -0.289
-137.355 -0.281 359.719 -0.281
-137.364 -0.273 359.727 -0.273
-137.372 -0.266 359.734 -0.266
-137.381 -0.258 359.742 -0.258
-137.389 -0.251 359.749 -0.251
-137.397 -0.244 359.756 -0.244
-137.404 -0.238 359.762 -0.238
-137.412 -0.231 359.769 -0.231
-137.419 -0.225 359.775 -0.225
-137.426 -0.219 359.781 -0.219
-137.433 -0.213 359.787 -0.213
-137.440 -0.207 359.793 -0.207
-137.446 -0.201 359.799 -0.201
-137.452 -0.196 359.804 -0.196
-137.458 -0.191 359.809 -0.191
-137.464 -0.185 359.815 -0.185
-137.470 -0.180 359.820 -0.180
-137.476 -0.176 359.824 -0.176
-137.481 -0.171 359.829 -0.171
-137.487 -0.166 359.834 -0.166
-137.492 -0.162 359.838 -0.162
-137.497 -0.157 359.843 -0.157
-137.502 -0.153 359.847 -0.153
-137.506 -0.149 359.851 -0.149
-137.511 -0.145 359.855 -0.145
-137.516 -0.141 359.859 -0.141
-137.520 -0.137 359.863 -0.137
-137.524 -0.134 359.866 -0.134
-137.528 -0.130 359.870 -0.130
-137.532 -0.127 359.873 -0.127
-137.536 -0.123 359.877 -0.123
-137.540 -0.120 359.880 -0.120
-137.544 -0.117 359.883 -0.117
-137.547 -0.114 359.886 -0.114
-137.551 -0.111 359.889 -0.111
-137.554 -0.108 359.892 -0.108
-137.558 -0.105 359.895 -0.105
-137.561 -0.102 359.898 -0.102
-137.564 -0.100 359.900 -0.100
-137.567 -0.097 359.903 -0.097
-137.570 -0.095 359.905 -0.095
-137.573 -0.092 359.908 -0.092
-137.576 -0.090 359.910 -0.090
-137.579 -0.087 359.913 -0.087
-137.581 -0.085 359.915 -0.085
-137.584 -0.083 359.917 -0.083
-137.586 -0.081 359.919 -0.081
-137.589 -0.079 359.921 -0.079
-137.591 -0.077 359.923 -0.077
-137.594 -0.075 359.925 -0.075
-137.596 -0.073 359.927 -0.073
-137.598 -0.071 359.929 -0.071
-137.600 -0.069 359.931 -0.069
-137.602 -0.067 359.933 -0.067
-137.605 -0.066 359.934 -0.066
-137.607 -0.064 359.936 -0.064
-137.608 -0.062 359.938 -0.062
-137.610 -0.061 359.939 -0.061
-137.612 -0.059 359.941 -0.059
-137.614 -0.058 359.942 -0.058
-137.616 -0.056 359.944 -0.056
-137.617 -0.055 359.945 -0.055
-137.619 -0.053 359.947 -0.053
-137.621 -0.052 359.948 -0.052
-137.622 -0.051 359.949 -0.051
-137.624 -0.049 359.951 -0.049
-137.625 -0.048 359.952 -0.048
-137.627 -0.047 359.953 -0.047
-137.628 -0.046 359.954 -0.046
-137.630 -0.045 359.955 -0.045
-137.631 -0.044 359.956 -0.044
-137.632 -0.042 359.958 -0.042
-137.634 -0.041 359.959 -0.041
-137.635 -0.040 359.960 -0.040
-137.636 -0.039 359.961 -0.039
-137.637 -0.038 359.962 -0.038
-137.638 -0.038 359.962 -0.038
-137.640 -0.037 359.963 -0.037
-137.641 -0.036 359.964 -0.036
-137.642 -0.035 359.965 -0.035
-137.643 -0.034 359.966 -0.034
-137.644 -0.033 359.967 -0.033
-137.645 -0.032 359.968 -0.032
-137.646 -0.032 359.968 -0.032
-137.647 -0.031 359.969 -0.031
-137.648 -0.030 359.970 -0.030
-137.648 -0.029 359.971 -0.029
-137.649 -0.029 359.971 -0.029
-137.650 -0.028 359.972 -0.028
-137.651 -0.027 359.973 -0.027
-137.652 -0.027 359.973 -0.027
-137.653 -0.026 359.974 -0.026
-137.653 -0.025 359.975 -0.025
-137.654 -0.025 359.975 -0.025
-137.655 -0.024 359.976 -0.024
-137.656 -0.024 359.976 -0.024
-137.656 -0.023 359.977 -0.023
-137.657 -0.023 359.977 -0.023
-137.658 -0.022 359.978 -0.022
-137.658 -0.022 359.978 -0.022
-137.659 -0.021 359.979 -0.021
-137.660 -0.021 359.979 -0.021
-137.660 -0.020 359.980 -0.020
-137.661 -0.020 359.980 -0.020
-137.661 -0.019 359.981 -0.019
-137.662 -0.019 359.981 -0.019
-137.662 -0.018 359.982 -0.018
-137.663 -0.018 359.982 -0.018
-137.664 -0.017 359.983 -0.017
-137.664 -0.017 359.983 -0.017
-137.665 -0.017 359.983 -0.017
-137.665 -0.016 359.984 -0.016
-137.666 -0.016 359.984 -0.016
-137.666 -0.016 359.984 -0.016
-137.666 -0.015 359.985 -0.015
-137.667 -0.015 359.985 -0.015
-137.667 -0.015 359.985 -0.015
-137.668 -0.014 359.986 -0.014
-137.668 -0.014 359.986 -0.014
-137.669 -0.014 359.986 -0.014
-137.669 -0.013 359.987 -0.013
-137.669 -0.013 359.987 -0.013
-137.670 -0.013 359.987 -0.013
-137.670 -0.013 359.987 -0.013
-137.670 -0.012 359.988 -0.012
-137.671 -0.012 359.988 -0.012
-137.671 -0.012 359.988 -0.012
-137.672 -0.012 359.988 -0.012
-137.672 -0.011 359.989 -0.011
-137.672 -0.011 359.989 -0.011
-137.672 -0.011 359.989 -0.011
-137.673 -0.011 359.989 -0.011
-137.673 -0.010 359.990 -0.010
-137.673 -0.010 359.990 -0.010
-137.674 -0.010 359.990 -0.010
-137.674 -0.010 359.990 -0.010
-137.674 -0.010 359.990 -0.010
-137.675 -0.009 359.991 -0.009
-137.675 -0.009 359.991 -0.009
-137.675 -0.009 359.991 -0.009
-137.675 -0.009 359.991 -0.009
-137.676 -0.009 359.991 -0.009
-137.676 -0.008 359.992 -0.008
-137.676 -0.008 359.992 -0.008
-137.676 -0.008 359.992 -0.008
-137.676 -0.008 359.992 -0.008
-137.677 -0.008 359.992 -0.008
-137.677 -0.008 359.992 -0.008
-137.677 -0.008 359.992 -0.008
-137.677 -0.007 359.993 -0.007
-137.678 -0.007 359.993 -0.007
-137.678 -0.007 359.993 -0.007
-137.678 -0.007 359.993 -0.007
-137.678 -0.007 359.993 -0.007
-137.678 -0.007 359.993 -0.007
-137.679 -0.007 359.993 -0.007
-137.679 -0.007 359.993 -0.007
-137.679 -0.006 359.994 -0.006
-137.679 -0.006 359.994 -0.006
-137.679 -0.006 359.994 -0.006
-137.679 -0.006 359.994 -0.006
-137.680 -0.006 359.994 -0.006
-137.680 -0.006 359.994 -0.006
-137.680 -0.006 359.994 -0.006
-137.680 -0.006 359.994 -0.006
-137.680 -0.006 359.994 -0.006
-137.680 -0.006 359.994 -0.006
-137.681 -0.005 359.995 -0.005
-137.681 -0.005 359.995 -0.005
-137.681 -0.005 359.995 -0.005
-137.681 -0.005 359.995 -0.005
-137.681 -0.005 359.995 -0.005
-137.681 -0.005 359.995 -0.005
-137.681 -0.005 359.995 -0.005
-137.681 -0.005 359.995 -0.005
-137.682 -0.005 359.995 -0.005
-137.682 -0.005 359.995 -0.005
-137.682 -0.005 359.995 -0.005
-137.682 -0.005 359.995 -0.005
-137.682 -0.005 359.995 -0.005
-137.682 -0.005 359.995 -0.005
-137.682 -0.004 359.996 -0.004
-137.682 -0.004 359.996 -0.004
-137.683 -0.004 359.996 -0.004
-137.683 -0.004 359.996 -0.004
-137.683 -0.004 359.996 -0.004
-137.683 -0.004 359.996 -0.004
-137.683 -0.004 359.996 -0.004
-137.683 -0.004 359.996 -0.004
-137.683 -0.004 359.996 -0.004
-137.683 -0.004 359.996 -0.004
-137.683 -0.004 359.996 -0.004
-137.684 -0.004 359.996 -0.004
-137.684 -0.004 359.996 -0.004
-137.684 -0.004 359.996 -0.004
-137.684 -0.004 359.996 -0.004
-137.684 -0.004 359.996 -0.004
-137.684 -0.004 359.996 -0.004
-137.684 -0.004 359.996 -0.004
-137.684 -0.004 359.996 -0.004
-137.684 -0.004 359.996 -0.004
-137.684 -0.004 359.996 -0.004
-137.684 -0.004 359.996 -0.004
-137.685 -0.004 359.996 -0.004
-137.685 -0.004 359.996 -0.004
-137.685 -0.004 359.996 -0.004
-137.685 -0.004 359.996 -0.004
-137.685 -0.004 359.996 -0.004
-137.685 -0.004 359.996 -0.004
-137.685 -0.004 359.996 -0.004
-137.685 -0.004 359.996 -0.004
-137.685 -0.004 359.996 -0.004
-137.685 -0.004 359.996 -0.004
-137.685 -0.004 359.996 -0.004
-137.685 -0.004 359.996 -0.004
-137.685 -0.004 359.996 -0.004
-137.685 -0.004 359.996 -0.004
-137.685 -0.004 359.996 -0.004
-137.685 -0.004 359.996 -0.004
-137.685 -0.005 359.995 -0.005
-137.685 -0.005 359.995 -0.005
-137.685 -0.005 359.995 -0.005
-137.685 -0.005 359.995 -0.005
-137.685 -0.005 359.995 -0.005
-137.685 -0.005 359.995 -0.005
-137.686 -0.005 359.995 -0.005
-137.686 -0.005 359.995 -0.005
-137.686 -0.005 359.995 -0.005
-137.686 -0.005 359.995 -0.005
-137.686 -0.005 359.995 -0.005
-137.686 -0.005 359.995 -0.005
-137.686 -0.005 359.995 -0.005
-137.686 -0.006 359.994 -0.006
-137.686 -0.006 359.994 -0.006
-137.686 -0.006 359.994 -0.006
-137.686 -0.006 359.994 -0.006
-137.687 -0.006 359.994 -0.006
-137.687 -0.006 359.994 -0.006
-137.687 -0.006 359.994 -0.006
-137.687 -0.006 359.994 -0.006
-137.687 -0.006 359.994 -0.006
-137.687 -0.006 359.994 -0.006
-137.687 -0.007 359.993 -0.007
-137.687 -0.007 359.993 -0.007
-137.687 -0.007 359.993 -0.007
-137.688 -0.007 359.993 -0.007
-137.688 -0.007 359.993 -0.007
-137.688 -0.007 359.993 -0.007
-137.688 -0.007 359.993 -0.007
-137.688 -0.008 359.992 -0.008
-137.688 -0.008 359.992 -0.008
-137.688 -0.008 359.992 -0.008
-137.688 -0.008 359.992 -0.008
-137.689 -0.008 359.992 -0.008
-137.689 -0.008 359.992 -0.008
-137.689 -0.009 359.991 -0.009
-137.689 -0.009 359.991 -0.009
-137.689 -0.009 359.991 -0.009
-137.689 -0.009 359.991 -0.009
-137.690 -0.009 359.991 -0.009
-137.690 -0.010 359.990 -0.010
-137.690 -0.010 359.990 -0.010
-137.690 -0.010 359.990 -0.010
-137.690 -0.010 359.990 -0.010
-137.690 -0.010 359.990 -0.010
-137.691 -0.011 359.989 -0.011
-137.691 -0.011 359.989 -0.011
-137.691 -0.011 359.989 -0.011
-137.691 -0.011 359.989 -0.011
-137.691 -0.012 359.988 -0.012
-137.692 -0.012 359.988 -0.012
-137.692 -0.012 359.988 -0.012
-137.692 -0.012 359.988 -0.012
-137.692 -0.013 359.987 -0.013
-137.692 -0.013 359.987 -0.013
-137.693 -0.013 359.987 -0.013
-137.693 -0.013 359.987 -0.013
-137.693 -0.014 359.986 -0.014
-137.693 -0.014 359.986 -0.014
-137.694 -0.014 359.986 -0.014
